How to run the file? 
Command prompt:
g++ -o main Main.cpp
main.exe
in.txt

Types of input to test with and their outputs:

4.1 Example 1
Input:
3 
3011 2900 2852 2808 2791 2818 
2972 2937 2886 2860 2830 2748 
2937 2959 2913 2864 2791 2742 
2999 2888 2986 2910 2821 2754 
2909 2816 2893 2997 2962 2798
Output:
3,1:2937
2,2:2937
3,3:2913
4,4:2910
5,5:2962
5,6:2798

4.2 Example 2
Input:
1 
3011 2900 2852 2808 2791 2818 
2972 2937 2886 2860 2830 2748 
2937 2959 2913 2864 2791 2742 
2999 2888 2986 2910 2821 2754 
2909 2816 2893 2997 2962 2798
Output
1,1:3011
2,2:2937
3,3:2913
4,4:2910
5,5:2962
5,6:2798

4.3 Example 3
Input:
2 
10.1 434.2 1345.43 3423.4 1234.5 16650.6 
12.2 123 3222 42343 4123123 5123 
44.44 33.22 5452.1234 2134.22 234.22 855.33
33.33 55.55 1 21 69 420
1010.30 5050.44 45223.33 33333.33 32111.11234 333.444 

Output
2,1:12.2
3,2:33.22
4,3:1
4,4:21
4,5:69
5,6:333.444